Line 1: 48 51 52 53 52
Line 2: 86 87 88 91 91
Line 3: 22 25 28 31 32 36
Line 4: 65 66 68 69 71 72 75 82
Line 5: 39 42 41 44 47
Line 10: 86 88 90 91 92 92 93 95
Line 40: 24 21 25 28 31 33 35
Line 50: 56 56 57 58 61 63
Line 125: 90 88 85 84 87
Line 126: 96 94 92 90 87 84 84
Line 127: 57 56 54 52 50 49 48 44
Line 128: 51 49 46 43 42 37
Line 134: 94 91 91 88 87 84
Line 149: 12 13 11 9 7
Line 155: 52 53 54 52 55
Line 164: 74 75 71 68 66 64
Line 174: 90 90 89 86 83 80 79
Line 249: 61 62 64 67 70 72 70
Line 250: 29 30 32 34 34
Line 251: 89 90 92 93 97
Line 252: 26 28 31 32 35 42
Line 256: 57 58 59 57 61
Line 258: 59 60 63 63 66 67
Line 264: 52 55 57 61 60
Line 288: 81 79 83 85 86 89 90
Line 298: 80 80 82 84 87
Line 328: 30 34 33 36 39 42 45 46
Line 373: 40 38 35 32 30 28 30
Line 374: 56 53 52 50 47 45 42 42
Line 375: 93 92 91 90 89 85
Line 376: 22 19 16 14 12 9 4
Line 377: 40 37 34 33 31 32 30 28
Line 382: 17 15 15 13 12 11 10 9
Line 388: 62 61 59 58 56 52 55
Line 412: 57 58 54 52 49 46 43 40
Line 422: 20 20 17 16 15
Line 511: 40 41 44 46 48 48
Line 539: 97 97 96 93 91 88 85 82
Line 547: 76 73 72 71 73
Line 549: 46 43 40 37 31
Line 553: 41 43 44 46 49 53
Line 561: 23 23 25 27 29 31 33
Line 584: 44 42 41 39 41 38
Line 591: 48 52 49 50 53
Line 592: 92 89 87 84 82 81 81
Line 594: 41 43 40 37 35
Line 597: 22 24 25 26 28 29 32 31
Line 635: 78 80 83 84 85 92
Line 639: 43 41 39 37 35 30 32
Line 655: 52 51 49 47 44 42 38
Line 669: 67 65 64 62 60
Line 670: 91 93 94 95 97 99
Line 671: 85 86 87 88 91 94
Line 672: 36 34 32 31 28 25
Line 673: 23 22 20 18 16 13 10 7
Line 674: 88 91 94 96 97
Line 675: 92 93 95 96 97
Line 676: 23 24 26 29 32 35
Line 677: 94 91 89 88 86
Line 678: 45 44 41 40 37 36 34 32
Line 679: 98 95 92 89 86 84
Line 680: 74 71 69 68 65 64 63 60
Line 681: 24 26 27 29 30 31
Line 682: 23 20 18 17 16 15 13 11
Line 683: 92 91 89 88 85 83 81 80
Line 684: 86 89 91 94 96
Line 685: 37 36 34 33 32 31
Line 686: 10 12 15 17 19 22 23
Line 687: 55 53 50 47 46 43 42
Line 688: 22 19 16 13 12 10 8 7
Line 689: 36 38 41 44 45 48
Line 690: 39 37 36 34 32
Line 691: 78 80 81 82 85 87 89
Line 692: 57 58 59 60 63
Line 693: 72 69 67 66 64
Line 694: 71 74 76 77 80 81 83 86
Line 695: 39 40 43 44 47 48 51
Line 696: 38 37 34 31 29 26 25 23
Line 697: 4 7 9 10 12
Line 698: 30 28 26 25 24 22 21
Line 699: 24 25 28 30 31 32
Line 700: 49 47 46 44 43 41 40
Line 701: 45 48 49 50 51 52 54
Line 702: 43 45 48 49 50 53 55
Line 703: 64 61 59 57 55 54 52 51
Line 704: 40 41 42 45 47 50 51 52
Line 705: 43 41 39 37 36 34
Line 706: 69 68 65 64 61 60
Line 707: 4 7 9 12 13
Line 708: 35 34 33 32 30 28 25
Line 709: 55 54 53 51 48
Line 710: 59 61 62 65 66 67 70 71
Line 711: 81 80 77 76 75 72
Line 712: 86 85 83 80 78 76 75 73
Line 713: 94 92 91 89 88
Line 714: 95 93 92 90 88 85 82 80
Line 715: 73 75 77 78 79
Line 716: 43 41 38 37 35 34 32
Line 717: 15 16 17 20 21 24
Line 718: 28 27 24 23 20 17 14
Line 719: 60 57 54 53 50 47 44
Line 720: 74 72 70 68 66 63 60
Line 721: 60 61 63 64 67 70 72 73
Line 722: 77 78 79 82 85 87
Line 723: 24 21 20 18 17 16 14
Line 724: 35 34 33 31 28 27
Line 725: 29 28 26 25 23
Line 726: 29 31 32 33 36 37 40 42
Line 727: 59 62 65 67 69
Line 728: 70 68 65 63 61 58
Line 729: 66 69 72 75 77 78 79 81
Line 730: 97 95 93 92 91
Line 731: 46 45 44 42 39 37 36 35
Line 732: 46 44 43 41 38 35
Line 733: 17 14 13 12 9 6 5
Line 734: 6 9 10 12 13
Line 735: 27 24 23 22 19 17 16 15
Line 736: 78 76 75 72 69 66 65
Line 737: 11 10 8 7 5
Line 738: 66 68 69 70 71 73 74
Line 739: 82 80 79 78 75 72 71 68
Line 740: 99 96 94 91 89
Line 741: 57 55 53 51 48 46 43 42
Line 742: 10 11 13 16 19
Line 743: 37 40 41 43 46 48 51
Line 744: 5 6 7 8 9 12
Line 745: 83 84 87 88 91 94 96 98
Line 746: 76 75 74 72 71 69 68
Line 747: 11 14 16 17 20
Line 748: 48 47 45 42 41 39 37 34
Line 749: 11 14 15 17 18 19
Line 750: 64 61 59 56 53 51 50
Line 751: 68 66 63 62 61
Line 752: 24 26 27 30 31 34 37 38
Line 753: 71 73 75 78 80 82 85
Line 754: 37 39 40 41 42 44 45 48
Line 755: 22 23 25 26 28 31 32
Line 756: 37 34 32 31 28
Line 757: 26 27 30 32 33
Line 758: 43 44 47 49 52 54 55
Line 759: 49 46 45 44 43 42
Line 760: 94 92 91 89 86 83 82
Line 761: 31 32 34 35 36 37 40 43
Line 762: 95 94 91 90 88 86 85
Line 763: 31 33 36 37 40 43 44 45
Line 764: 75 72 71 70 69
Line 765: 78 75 72 71 69 66 65 64
Line 766: 53 51 48 46 44 43
Line 767: 64 63 62 60 59
Line 768: 39 42 45 48 49 52 55 56
Line 769: 91 88 86 84 82 80
Line 770: 12 15 18 20 21 22 25 26
Line 771: 41 39 38 37 35 33 31 30
Line 772: 44 41 40 39 36
Line 773: 14 16 19 22 25
Line 774: 56 57 59 62 64
Line 775: 99 97 95 94 92 91 89 87
Line 776: 83 81 79 77 76 73
Line 777: 52 54 56 58 59 61 63
Line 778: 47 49 51 52 54 55 58
Line 779: 18 21 22 23 26 27 28 29
Line 780: 39 41 43 45 46 48 50
Line 781: 44 43 42 41 38 36
Line 782: 76 73 70 68 66 63 62
Line 783: 37 34 32 31 28 25
Line 784: 40 38 37 34 32 29
Line 785: 58 55 53 50 48 46
Line 786: 39 36 33 32 30 27
Line 787: 43 44 45 47 48
Line 788: 23 26 27 29 32 33 34
Line 789: 90 87 85 83 81 80 78
Line 790: 19 20 21 23 24 27
Line 791: 76 75 73 72 71
Line 792: 83 82 79 77 75 73 72
Line 793: 19 17 15 13 11
Line 794: 72 70 69 68 65 63 60
Line 795: 56 54 51 48 46 44
Line 796: 52 51 48 46 43 40
Line 797: 33 32 31 28 27 24 21
Line 798: 11 10 8 6 5
Line 799: 92 89 87 86 84 81 79
Line 800: 86 87 89 91 93 95
Line 801: 59 61 64 67 68 69 72 75
Line 802: 28 31 32 35 36 39 41
Line 803: 86 89 90 93 94 96
Line 804: 76 79 82 83 86 87 88
Line 805: 29 27 26 23 21 20
Line 806: 51 53 54 56 58 61 62 65
Line 807: 77 78 81 83 84 87 88
Line 808: 38 40 41 42 44 47
Line 809: 47 45 44 43 41
Line 810: 56 59 62 64 67 70 71
Line 811: 9 11 14 16 19 20
Line 812: 29 28 27 24 21 20
Line 813: 30 27 25 23 20 19 16 13
Line 814: 84 83 82 79 77
Line 815: 46 49 50 53 54 55 56
Line 816: 21 24 25 27 29 32 33
Line 817: 14 15 16 18 20
Line 818: 85 82 79 78 77 76 75 73
Line 819: 63 60 59 57 55
Line 820: 32 34 37 40 41 44 45 48
Line 821: 53 56 58 59 61
Line 822: 12 11 9 8 5 4 3
Line 823: 84 81 78 77 76 75 73 72
Line 824: 44 43 42 39 37
Line 825: 76 73 70 68 67
Line 826: 86 89 91 93 94 97 99
Line 827: 77 80 81 82 85
Line 828: 19 16 13 11 9 8 5
Line 829: 19 22 24 27 30
Line 830: 18 20 23 24 26
Line 831: 64 66 68 69 72 74 77 78
Line 832: 78 75 73 72 70 67 65 64
Line 833: 37 38 41 43 46 48
Line 834: 36 35 34 31 28 26 24 21
Line 835: 27 30 31 34 35 37 39 41
Line 836: 80 83 84 86 89
Line 837: 61 64 66 69 70
Line 838: 50 53 54 57 60 61 62 63
Line 839: 57 60 63 66 69 70 73
Line 840: 60 57 54 52 49 48 45 43
Line 841: 48 46 43 41 39 37 35 33
Line 842: 21 22 23 24 26
Line 843: 64 65 68 69 71 74
Line 844: 46 49 50 51 52 54 56
Line 845: 20 18 16 15 14 13 11 9
Line 846: 34 32 29 27 24 21 18 15
Line 847: 16 14 12 11 10
Line 848: 18 19 22 24 25
Line 849: 53 51 48 46 44 42 39
Line 850: 77 74 72 69 68 66 65
Line 851: 25 22 21 20 17 14 13
Line 852: 33 30 28 27 25 22 19 17
Line 853: 29 28 26 23 21
Line 854: 40 39 38 36 33 32
Line 855: 63 60 57 54 52 49 47 45
Line 856: 84 85 86 89 91 93 96 99
Line 857: 20 23 24 25 28
Line 858: 6 8 9 12 14 16
Line 859: 52 53 56 59 62 65 66
Line 860: 51 54 57 58 61 63 65
Line 861: 36 34 33 31 29 28 27
Line 862: 61 62 65 66 69 70 71 74
Line 863: 25 26 29 31 34 37 40 42
Line 864: 48 47 46 44 41 40
Line 865: 31 34 37 39 42 43 46 48
Line 866: 95 93 91 88 85 83 80 77
Line 867: 75 72 70 68 67 66
Line 868: 15 18 21 22 23 26 29 30
Line 869: 94 93 90 89 88 87 84 82
Line 870: 36 34 33 31 29 26
Line 871: 65 64 63 60 59
Line 872: 12 14 17 19 22 25 28 30
Line 873: 20 18 15 13 11 8 7 4
Line 874: 11 13 15 16 19
Line 875: 71 69 66 65 64 61
Line 876: 61 62 65 67 70 73 74 76
Line 877: 51 49 46 45 43
Line 878: 61 59 58 56 53 50 48
Line 879: 29 31 33 36 39 42 45 47
Line 880: 74 76 79 82 84 86
Line 881: 93 90 87 84 83 82 81
Line 882: 70 72 74 77 79 80 81 83
Line 883: 89 90 93 95 98
Line 884: 41 42 44 46 48 50 53 54
Line 885: 31 29 26 24 23 20 19
Line 886: 33 30 29 27 25 22
Line 887: 82 83 86 87 88 89 90
Line 888: 38 40 41 43 44
Line 889: 71 68 65 62 61 58
Line 890: 88 86 83 82 80 77
Line 891: 80 82 84 87 89 90
Line 892: 15 12 9 8 6 3
Line 893: 67 64 62 59 56
Line 894: 52 54 55 57 59
Line 895: 9 8 5 4 3 1
Line 896: 23 26 28 31 32 35 36
Line 897: 44 47 48 49 52 55 57
Line 898: 14 16 17 18 21 24
Line 899: 38 41 43 45 47 48
Line 900: 89 88 87 86 85 82
Line 901: 97 96 93 91 90 88 87
Line 902: 18 15 12 9 7 5
Line 903: 45 46 48 51 54 56 59 61
Line 904: 95 92 90 88 85 82
Line 905: 96 95 93 92 91 89 86
Line 906: 33 34 36 37 38
Line 907: 16 19 21 24 27 29
Line 908: 74 72 69 66 65 64 62
Line 909: 27 25 23 21 20 17
Line 910: 64 66 68 69 70 72 73 75
Line 911: 6 9 12 15 16 19 22
Line 912: 14 11 8 5 4 3 2
Line 913: 47 50 53 56 57 60 63
Line 914: 81 84 86 89 90
Line 915: 36 37 38 41 43 44
Line 916: 45 42 40 39 36 35 33 31
Line 917: 49 46 45 42 41 38
Line 918: 59 57 54 52 49 46 44
Line 919: 25 23 22 19 16
Line 920: 43 44 45 48 51
Line 921: 6 9 11 13 16
Line 922: 75 74 71 69 68 67 64
Line 923: 59 56 55 52 51
Line 924: 70 72 75 78 79
Line 925: 33 31 28 26 23 22 21
Line 926: 38 41 44 47 49
Line 927: 26 23 21 20 19
Line 928: 8 9 12 14 16 19 22
Line 929: 54 55 57 59 61
Line 930: 16 18 19 21 23 25
Line 931: 82 79 78 76 75 73 71 68
Line 932: 38 39 40 41 44
Line 933: 96 95 93 92 91 88 87
Line 934: 24 27 30 33 35 37 38
Line 935: 47 50 53 55 57 59 61
Line 936: 22 19 16 13 12 9
Line 937: 35 37 38 41 42 43
Line 938: 3 6 9 10 12 15 18
Line 939: 37 40 41 44 45
Line 940: 48 51 54 56 59 60 61 62
Line 941: 42 41 38 37 36 34 31 28
Line 942: 97 96 93 90 88 87
Line 943: 47 45 43 42 39 38
Line 944: 18 15 13 12 9 8 6
Line 945: 81 83 86 88 89 90 92 94
Line 946: 32 29 26 24 21 19 16 13
Line 947: 68 67 66 65 62 61 58 56
Line 948: 44 43 40 37 35 34 33
Line 949: 57 56 55 53 50 47 45
Line 950: 18 15 13 10 8 6
Line 951: 87 85 82 80 77 75
Line 952: 58 56 54 53 52 49 48
Line 953: 51 52 55 57 58 60
Line 954: 17 16 15 13 11 8
Line 955: 27 29 32 35 38 39 40 43
Line 956: 38 40 42 45 48 50 52 53
Line 957: 62 63 66 68 70
Line 958: 92 91 90 88 85 82 81 80
Line 959: 3 6 9 12 14
Line 960: 75 78 81 84 87 90
Line 961: 48 45 42 41 40 39
Line 962: 72 73 74 75 76 78 79
Line 963: 50 52 55 56 59 62
Line 964: 83 81 80 78 75 73 71 68
Line 965: 30 33 34 37 40 42
Line 966: 43 46 48 50 51 52
Line 967: 30 28 27 24 22 19
Line 968: 56 54 51 50 48 46 43 40
Line 969: 29 30 32 35 37 38 39 40
Line 970: 74 73 72 70 68 67
Line 971: 80 78 77 75 73
Line 972: 21 18 15 12 9 7 6
Line 973: 42 43 44 46 48 50 51
Line 974: 35 32 31 28 25 22
Line 975: 69 71 72 75 77
Line 976: 79 76 75 73 72 70 68
Line 977: 53 54 56 59 61 64 65
Line 978: 42 39 37 36 35
Line 979: 22 25 28 31 33
Line 980: 20 18 15 13 12 11 9
Line 981: 34 36 39 40 42 43 46 49
Line 982: 17 19 20 23 25 27 30
Line 983: 30 33 35 36 39 42 44
Line 984: 26 24 21 20 17 15
Line 985: 44 42 40 39 37
Line 986: 70 71 72 74 77 79 82
Line 987: 45 42 40 39 38 35 32 30
Line 988: 17 18 19 20 23 25 28 30
Line 989: 89 92 95 97 99
Line 990: 94 93 90 88 85 83
Line 991: 62 65 67 70 71 73
Line 992: 79 76 75 73 71 70
Line 993: 17 15 13 12 9 6 4
Line 994: 74 71 68 66 64 63 60
Line 995: 41 40 37 35 32 30 27 25
Line 996: 19 22 25 26 27
Line 997: 38 41 42 45 48 51
Line 998: 94 92 89 86 83 80
Line 999: 46 49 50 52 55 56 57
Line 1000: 78 75 74 73 71 70 68

